0 0.13068560757636388 0.06982793117246898 0.15152727757769774 0.9357298474945533 0.18153928237961847 0.9301720688275311 0.16069761237828464 0.07093948690587346
0 0.16486594637855143 0.07538570983949135 0.1840402827797786 0.9335067360277445 0.2290582899826597 0.9335067360277445 0.21071762038148587 0.0731625983726824
0 0.21488595438175265 0.07427415410608687 0.23406029078297982 0.9346182917611489 0.2565692943844204 0.9346182917611489 0.24156329198346005 0.07427415410608687
0 0.24906629318394022 0.0809434885065137 0.2624049619847939 0.9335067360277445 0.29491796718687474 0.9312836245609355 0.28074563158596766 0.0809434885065137
0 0.28324663198612776 0.08205504423991818 0.2974189675870348 0.9335067360277445 0.3341003067893824 0.93239518029434 0.3224289715886355 0.08205504423991818
0 0.3290983059890623 0.0853897114401316 0.3382686407896492 0.93239518029434 0.37745098039215685 0.9312836245609355 0.3657796451914098 0.08316659997332267
0 0.3749499799919968 0.08872437864034502 0.38161931439242364 0.9290605130941265 0.4183006535947712 0.93239518029434 0.41246498599439774 0.08650126717353608
0 0.4174669867947179 0.09317060157396291 0.42330265439509135 0.9301720688275311 0.45248099239695877 0.9290605130941265 0.44497799119647863 0.09428215730736739
0 0.45164732559690546 0.09872838024098528 0.45664932639722555 0.9290605130941265 0.5183406696011738 0.9279489573607221 0.514172335600907 0.09650526877417633
0 0.5241763372015473 0.09428215730736739 0.5233426704014938 0.9312836245609355 0.5633586768040549 0.9335067360277445 0.5641923436041083 0.09428215730736739
0 0.5675270108043218 0.09539371304077185 0.5700280112044818 0.9279489573607221 0.6033746832066159 0.9312836245609355 0.6042083500066693 0.09317060157396291
0 0.6083766840069361 0.09094749010715397 0.6050420168067226 0.9301720688275311 0.6342203548085901 0.9335067360277445 0.6367213552087502 0.0898359343737495
0 0.6392223556089102 0.10095149170779422 0.6358876884086967 0.9301720688275311 0.6658996932106175 0.9301720688275311 0.6717353608109911 0.09983993597438974
0 0.6759036948112579 0.17320261437908496 0.6684006936107777 0.9301720688275311 0.7050820328131252 0.9290605130941265 0.7117513672135521 0.17320261437908496
0 0.7159197012138189 0.17764883731270287 0.7084167000133387 0.9335067360277445 0.7501000400160065 0.9390645146947668 0.75843670801654 0.17876039304610733
0 0.7684407096171804 0.17320261437908496 0.75843670801654 0.1798719487795118 0.7517673736161132 0.9335067360277445 0.7576030412164866 0.9435107376283848 0.7967853808189943 0.9457338490951936 0.807623049219688 0.17431417011248945
0 0.8126250500200081 0.17876039304610733 0.7992863812191544 0.9390645146947668 0.8368013872215553 0.9368414032279578 0.8518073896225158 0.17431417011248945
0 0.859310390822996 0.16875639144546709 0.8518073896225158 0.17431417011248945 0.8393023876217154 0.9290605130941265 0.8468053888221957 0.9357298474945533 0.8768173936241165 0.9346182917611489 0.8926570628251301 0.16764483571206262
