0 0.15402827797785779 0.09983993597438974 0.22238895558223287 0.9212796229602952 0.2382286247832466 0.9201680672268907 0.17320261437908496 0.10428615890800765
0 0.17486994797919167 0.10206304744119869 0.2423969587835134 0.9279489573607221 0.253234627184207 0.9279489573607221 0.19487795118047213 0.10317460317460315
0 0.1973789515806322 0.10428615890800765 0.2565692943844204 0.9257258458939132 0.2815792983860211 0.9257258458939132 0.2282246231826063 0.10539771464141211
0 0.2290582899826597 0.10762082610822105 0.2824129651860744 0.9346182917611489 0.32492997198879553 0.9335067360277445 0.2774109643857543 0.10873238184162554
0 0.28074563158596766 0.10762082610822105 0.32576363878884884 0.9368414032279578 0.3432706415899693 0.93239518029434 0.3032546351874083 0.10984393757503
0 0.30575563558756835 0.10984393757503 0.34577164199012933 0.9368414032279578 0.36244497799119646 0.9346182917611489 0.32576363878884884 0.10984393757503
0 0.3282646391890089 0.11540171624205237 0.3641123115913032 0.9368414032279578 0.3916233159930639 0.9357298474945533 0.3607776443910897 0.11206704904183894
0 0.36244497799119646 0.11429016050864789 0.38995598239295715 0.9368414032279578 0.40829665199413095 0.9346182917611489 0.3841203147925837 0.11206704904183894
0 0.38662131519274373 0.11651327197545686 0.40829665199413095 0.9368414032279578 0.4333066559957316 0.9390645146947668 0.4149659863945578 0.11429016050864789
0 0.4166333199946645 0.11429016050864789 0.43497398959583833 0.9401760704281713 0.45581565959717224 0.9401760704281713 0.4441443243964252 0.11317860477524343
0 0.44581165799653194 0.09094749010715397 0.4583166599973323 0.9123871770930594 0.4791583299986661 0.911275621359655 0.47248899559823926 0.09094749010715397
0 0.4791583299986661 0.11540171624205237 0.4791583299986661 0.9179449557600818 0.48749499799919965 0.9357298474945533 0.5058356676003735 0.9301720688275311 0.5100040016006402 0.11651327197545686
0 0.5158396692010138 0.11429016050864789 0.5058356676003735 0.9335067360277445 0.5291783380018674 0.93239518029434 0.5433506736027744 0.11317860477524343
0 0.5491863412031479 0.12207105064247922 0.5308456716019742 0.9401760704281713 0.5900360144057623 0.9346182917611489 0.615046018407363 0.1231826063758837
0 0.6267173536081099 0.11984793917567027 0.5933706816059757 0.9423991818949802 0.6242163532079499 0.9390645146947668 0.6642323596105109 0.12207105064247922
0 0.669234360410831 0.12207105064247922 0.6267173536081099 0.9346182917611489 0.6508936908096572 0.9379529589613623 0.7000800320128051 0.1231826063758837
0 0.7017473656129118 0.1276288293095016 0.6508936908096572 0.9346182917611489 0.6700680272108843 0.9346182917611489 0.7242563692143525 0.1265172735760971
0 0.7250900360144058 0.12874038504290605 0.6717353608109911 0.9335067360277445 0.6917433640122715 0.93239518029434 0.7475990396158464 0.12874038504290605
0 0.749266373215953 0.12874038504290605 0.6925770308123248 0.9301720688275311 0.7175870348139256 0.9290605130941265 0.7784447112178206 0.13207505224311947
0 0.781779378418034 0.12985194077631054 0.7167533680138722 0.9257258458939132 0.7334267040149394 0.9290605130941265 0.8001200480192078 0.12985194077631054
