0 0.10400826997465651 0.14985994397759103 0.09733893557422967 0.9490685162954071 0.1265172735760971 0.9490685162954071 0.13235294117647056 0.1443021653105687
0 0.13485394157663066 0.14207905384375974 0.12901827397625715 0.9546262949624293 0.16820061357876484 0.9490685162954071 0.1740362811791383 0.14541372104397315
0 0.17987194877951182 0.0731625983726824 0.16903428037881818 0.9646302965630698 0.2090502867813792 0.9624071850962609 0.2123849539815926 0.07983193277310922
0 0.2232226223822862 0.12874038504290605 0.20988395358143253 0.9646302965630698 0.2515672935841003 0.9601840736294518 0.25740296118447376 0.13207505224311947
0 0.2624049619847939 0.1431906095771642 0.2557356275843671 0.9357298474945533 0.29158329998666127 0.93239518029434 0.2890822995865012 0.1431906095771642
0 0.293250633586768 0.07983193277310922 0.29408430038682143 0.9535147392290249 0.3290983059890623 0.9501800720288116 0.3224289715886355 0.0853897114401316
0 0.32576363878884884 0.030923480503312423 0.3282646391890089 0.9590725178960474 0.36744697879151655 0.9590725178960474 0.3582766439909297 0.0320350362367169
0 0.3641123115913032 0.07427415410608687 0.37328264639189007 0.9590725178960474 0.448312658396692 0.951291627762216 0.42747098839535813 0.07093948690587346
0 0.43580765639589164 0.14541372104397315 0.4499799919967987 0.955737850695834 0.5008336668000534 0.955737850695834 0.48249299719887956 0.14541372104397315
0 0.48749499799919965 0.15430616691120894 0.5033346672002134 0.955737850695834 0.528344671201814 0.9546262949624293 0.5108376684006937 0.14985994397759103
0 0.5125050020008003 0.18320661597972523 0.5291783380018674 0.951291627762216 0.5616913432039483 0.9579609621626429 0.5433506736027744 0.18320661597972523
0 0.5475190076030413 0.14207905384375974 0.5650260104041616 0.9401760704281713 0.5967053488061892 0.9412876261615757 0.5825330132052821 0.14207905384375974
0 0.5833666800053354 0.02647725756969454 0.6008736828064558 0.9612956293628565 0.6492263572095506 0.9612956293628565 0.6242163532079499 0.02647725756969454
0 0.6313025210084034 0.17757936507936514 0.6488095238095238 0.9580999066293184 0.6838235294117648 0.9566409897292251 0.6597514005602242 0.17757936507936514
0 0.6630339635854342 0.03752334267040155 0.6849177170868348 0.9566409897292251 0.7264968487394958 0.9522642390289449 0.7002363445378152 0.03898225957049492
0 0.693671218487395 0.00105042016806728 0.695859593837535 0.03898225957049492 0.7046130952380953 0.040441176470588286 0.7275910364145658 0.944969654528478 0.7505689775910365 0.944969654528478 0.7232142857142857 0.00105042016806728
0 0.7264968487394958 0.0025093370681606507 0.7516631652661064 0.9435107376283847 0.771358543417367 0.9420518207282913 0.7461922268907563 0.00105042016806728
0 0.7494747899159664 0.0025093370681606507 0.774641106442577 0.9508053221288515 0.8337272408963585 0.9508053221288515 0.8063725490196079 0.00105042016806728
0 0.8162202380952381 0.0025093370681606507 0.8413865546218487 0.9551820728291317 0.8731179971988795 0.9537231559290383 0.8468137254901961 0.0
0 0.851234243697479 0.003968253968254021 0.8753063725490197 0.9566409897292251 0.9103203781512605 0.9537231559290383 0.8839285714285714 0.0
