0 0.023976257169534464 0.1276288293095016 0.017306922769107627 0.9957538570983951 0.04731892757102838 0.9890845226979681 0.04898626117113511 0.1276288293095016
0 0.05732292917166867 0.10428615890800765 0.052320928371348524 0.9846382997643504 0.09567160197412299 0.9846382997643504 0.09567160197412299 0.10539771464141211
0 0.10400826997465651 0.04648526077097505 0.10484193677470988 0.9801920768307324 0.1665332799786581 0.979080521097328 0.1631986127784447 0.0442621493041661
0 0.17320261437908496 0.09205904584055843 0.1707016139789249 0.9779689653639234 0.2140522875816993 0.9779689653639234 0.21071762038148587 0.09205904584055843
0 0.24656529278378017 0.08872437864034502 0.21905428838201943 0.09983993597438974 0.2282246231826063 0.9601840736294518 0.24656529278378017 0.9668534080298788 0.2774109643857543 0.9568494064292385 0.26824062958516737 0.0976168245075808
0 0.27657729758570093 0.007580810101818497 0.28074563158596766 0.9701880752300921 0.32159530478858206 0.9657418522964741 0.31159130318794187 0.009803921568627444
0 0.3174269707883153 0.06427015250544661 0.3232626383886888 0.9635187408296653 0.359110310790983 0.9635187408296653 0.35244097639055616 0.062047041038637674
0 0.3549419767907162 0.009803921568627444 0.36244497799119646 0.9657418522964741 0.4091303187941843 0.9612956293628565 0.39745898359343734 0.01202703303543639
0 0.4041283179938642 0.09983993597438974 0.41413231959450447 0.9612956293628565 0.44164332399626516 0.9590725178960474 0.4316393223956249 0.09983993597438974
0 0.4374749899959984 0.11984793917567027 0.44581165799653194 0.9624071850962609 0.4791583299986661 0.9579609621626429 0.4633186607976524 0.1187363834422658
0 0.4683206615979725 0.1187363834422658 0.4808256635987728 0.9579609621626429 0.5191743364012271 0.955737850695834 0.5033346672002134 0.11984793917567027
0 0.5058356676003735 0.12207105064247922 0.5191743364012271 0.9568494064292385 0.5575230092036815 0.9546262949624293 0.5383486728024542 0.12095949490907476
0 0.5416833400026677 0.10428615890800765 0.5600240096038415 0.9590725178960474 0.6017073496065093 0.955737850695834 0.5766973456049086 0.10539771464141211
0 0.5808656796051754 0.08205504423991818 0.6033746832066159 0.9568494064292385 0.6475590236094437 0.9524031834956205 0.6208816860077364 0.0853897114401316
0 0.6242163532079499 0.10762082610822105 0.6508936908096572 0.9524031834956205 0.6867413632119514 0.9501800720288116 0.6592303588101908 0.10873238184162554
0 0.669234360410831 0.09317060157396291 0.6900760304121649 0.9490685162954071 0.7025810324129652 0.9568494064292385 0.7400960384153662 0.9501800720288116 0.706749366413232 0.09650526877417633
0 0.718420701613979 0.09317060157396291 0.7484327064158998 0.955737850695834 0.8017873816193144 0.9546262949624293 0.7651060424169669 0.0898359343737495
0 0.7751100440176071 0.08205504423991818 0.807623049219688 0.9524031834956205 0.821795384820595 0.9579609621626429 0.9143323996265174 0.9490685162954071 0.8659797252234228 0.08316659997332267
0 0.8751500600240096 0.0976168245075808 0.9168334000266775 0.9501800720288116 0.9551820728291317 0.9490685162954071 0.906829398426037 0.09317060157396291
