0 0.0014672535680938892 0.10428615890800765 0.0014672535680938892 0.2332266239829265 0.05148726157129516 0.9401760704281713 0.08816860077364279 0.9401760704281713 0.03231292517006802 0.10317460317460315
0 0.04481792717086833 0.11762482770886132 0.09483793517406962 0.9335067360277445 0.13235294117647056 0.9335067360277445 0.08650126717353605 0.11762482770886132
0 0.08900226757369616 0.11762482770886132 0.1340202747765773 0.9368414032279578 0.16486594637855143 0.9379529589613623 0.12234893957583032 0.1187363834422658
0 0.12901827397625715 0.11984793917567027 0.16820061357876484 0.9379529589613623 0.1982126183806856 0.9379529589613623 0.16236494597839135 0.12095949490907476
0 0.18070561557956516 0.28324663198612776 0.20404828598105904 0.9401760704281713 0.24406429238362012 0.9423991818949802 0.22238895558223287 0.27880040905250986
0 0.2282246231826063 0.28435818771953225 0.24823262638388688 0.9423991818949802 0.29408430038682143 0.9435107376283848 0.2782446311858076 0.28213507625272327
0 0.2782446311858076 0.11651327197545686 0.2990863011871415 0.9412876261615757 0.3399359743897559 0.9379529589613623 0.3232626383886888 0.11651327197545686
0 0.3332666399893291 0.1065092703748166 0.3441043083900226 0.9390645146947668 0.3874549819927971 0.9379529589613623 0.3799519807923169 0.10762082610822105
0 0.3841203147925837 0.14541372104397315 0.38995598239295715 0.9435107376283848 0.42663732159530476 0.9479569605620025 0.42580365479525145 0.14652527677737764
0 0.4374749899959984 0.1187363834422658 0.4391423235961051 0.9435107376283848 0.4791583299986661 0.9446222933617893 0.4841603307989863 0.11984793917567027
0 0.49333066559957317 0.12207105064247922 0.48332666399893287 0.9446222933617893 0.516673336001067 0.9468454048285981 0.5300120048019208 0.11762482770886132
0 0.540016006402561 0.11429016050864789 0.5216753368013872 0.9524031834956205 0.5733626784046951 0.9490685162954071 0.5925370148059225 0.1187363834422658
0 0.5958716820061357 0.15764083411142235 0.5791983460050688 0.9468454048285981 0.6058756836067761 0.9468454048285981 0.6233826864078965 0.1609755013116358
0 0.6275510204081634 0.11317860477524343 0.6275510204081634 0.16319861277844472 0.620048019207683 0.42552576586190033 0.6117113512071495 0.9435107376283848 0.6250500200080031 0.9435107376283848 0.6300520208083233 0.5955937930727847 0.6367213552087502 0.2621270730514428 0.643390689609177 0.11429016050864789
0 0.6450580232092837 0.1554177226446134 0.6258836868080565 0.9435107376283848 0.6533946912098172 0.9468454048285981 0.674236361211151 0.1554177226446134
0 0.6800720288115246 0.15430616691120894 0.6592303588101908 0.9423991818949802 0.6909096972122182 0.9412876261615757 0.7134187008136588 0.15430616691120894
0 0.718420701613979 0.12540571784269264 0.6925770308123248 0.9346182917611489 0.7234227024142991 0.9346182917611489 0.7501000400160065 0.12429416210928816
0 0.7551020408163266 0.12540571784269264 0.7275910364145658 0.9368414032279578 0.7617713752167534 0.9423991818949802 0.7909497132186208 0.12429416210928816
0 0.793450713618781 0.11540171624205237 0.7651060424169669 0.9268374016273175 0.7926170468187275 0.9257258458939132 0.8234627184207016 0.11762482770886132
0 0.8267973856209151 0.11762482770886132 0.7959517140189409 0.9201680672268907 0.8209617180205416 0.9201680672268907 0.8559757236227825 0.11984793917567027
0 0.8609777244231026 0.11429016050864789 0.8234627184207016 0.9223911786936997 0.8601440576230494 0.9246142901605087 0.8984927304255037 0.11540171624205237
0 0.9001600640256103 0.11540171624205237 0.8626450580232093 0.9235027344271042 0.8934907296251834 0.9190565114934863 0.9351740696278512 0.11651327197545686
0 0.9401760704281713 0.11651327197545686 0.8976590636254502 0.9190565114934863 0.9368414032279578 0.9257258458939132 0.9776910764305724 0.11540171624205237
