0 0.09233693477390957 0.002023031434796132 0.17820461517940508 0.9201680672268907 0.19987995198079234 0.911275621359655 0.13068560757636388 0.1598639455782313 0.11818060557556354 0.002023031434796132
0 0.12068160597572362 0.0009114757013916595 0.2032146191810057 0.9179449557600818 0.22238895558223287 0.913498732826464 0.14565826330532214 0.0
0 0.149859943977591 0.002023031434796132 0.22655728958249965 0.9201680672268907 0.2432306255835667 0.913498732826464 0.1740362811791383 0.0009114757013916595
0 0.17820461517940508 0.0009114757013916595 0.24989995998399353 0.9201680672268907 0.2732426303854875 0.9168334000266773 0.20488195278111243 0.002023031434796132
0 0.20738295318127248 0.0009114757013916595 0.27657729758570093 0.9235027344271042 0.3182606375883687 0.915721844293273 0.2606792717086835 0.0
0 0.26907429638522073 0.1065092703748166 0.3224289715886355 0.9235027344271042 0.36327864479124977 0.9201680672268907 0.3140923035881019 0.10539771464141211
0 0.31492597038815523 0.062047041038637674 0.3649459783913565 0.9212796229602952 0.38828864879285047 0.9212796229602952 0.3399359743897559 0.058712373838424245
0 0.34160330798986255 0.06538170823885109 0.3907896491930105 0.9223911786936997 0.42997198879551823 0.9179449557600818 0.3874549819927971 0.062047041038637674
0 0.4399759903961584 0.9201680672268907 0.48332666399893287 0.915721844293273 0.44497799119647863 0.002023031434796132 0.38662131519274373 0.0009114757013916595
0 0.4499799919967987 0.07538570983949135 0.48749499799919965 0.913498732826464 0.5158396692010138 0.909052509892846 0.4808256635987728 0.0687163754390645
0 0.48666133119914634 0.07872037703970476 0.5225090036014406 0.9168334000266773 0.5650260104041616 0.9146102885598684 0.5325130052020809 0.07649726557289581
0 0.5341803388021875 0.006469254368414024 0.5758636788048553 0.9190565114934863 0.5925370148059225 0.915721844293273 0.5541883420034681 0.006469254368414024
0 0.5584893048128342 0.08594346829640948 0.5974821746880571 0.9008148714031067 0.6627355487649605 0.8944486885663356 0.6261299974535269 0.07745522451404804
0 0.6547778202189969 0.09973686444274679 0.6698975044563281 0.9093031151854681 0.7017284186401834 0.9050589932942874 0.6905875986758341 0.09761480349715644
0 0.7168481028775147 0.10291995586113234 0.7033199643493763 0.9103641456582633 0.7335593328240388 0.9124862066038536 0.7550451998981411 0.10079789491554197
