0 0.17820461517940508 0.16542172424525367 0.18654128317993865 0.9690765194966877 0.21655328798185938 0.9635187408296653 0.20738295318127248 0.16764483571206262
0 0.21071762038148587 0.16764483571206262 0.2182206215819661 0.9724111866969012 0.2507336267840469 0.9679649637632832 0.2565692943844204 0.9579609621626429 0.24906629318394022 0.17876039304610733 0.24156329198346005 0.16875639144546709
0 0.24989995998399353 0.17542572584589392 0.25990396158463386 0.9690765194966877 0.293250633586768 0.9612956293628565 0.27907829798586103 0.17431417011248945
0 0.28074563158596766 0.17764883731270287 0.29575163398692805 0.9735227424303057 0.3290983059890623 0.9657418522964741 0.31575963718820865 0.18209506024632077 0.31159130318794187 0.17876039304610733
0 0.31575963718820865 0.18209506024632077 0.3332666399893291 0.9690765194966877 0.3657796451914098 0.9646302965630698 0.3491063091903428 0.18320661597972523
0 0.3482726423902894 0.18098350451291628 0.37078164599173 0.9701880752300921 0.40329465119381086 0.9646302965630698 0.3841203147925837 0.1887643946467476 0.37828464719221017 0.17876039304610733
0 0.38662131519274373 0.17542572584589392 0.4041283179938642 0.9779689653639234 0.43830865679605174 0.9735227424303057 0.4166333199946645 0.17542572584589392
0 0.41913432039482457 0.17542572584589392 0.44080965719621185 0.9768574096305189 0.47165532879818595 0.9712996309634966 0.4491463251967454 0.17764883731270287
0 0.4536793884220355 0.10309679427326486 0.4762926003734827 0.981364768129474 0.5324609010270774 0.9803921568627451 0.5003647292250233 0.10212418300653595
0 0.5025531045751633 0.0982337379396203 0.5339198179271709 0.981364768129474 0.5579919467787114 0.9833099906629318 0.526625233426704 0.0982337379396203
0 0.5295430672268907 0.0992063492063492 0.5587214052287581 0.981364768129474 0.5813346171802054 0.981364768129474 0.5528857376283847 0.09726112667289138
0 0.5587214052287581 0.09628851540616247 0.5820640756302521 0.9852552131963898 0.6054067460317459 0.982337379396203 0.577687324929972 0.09434329287270464
0 0.5820640756302521 0.09628851540616247 0.6068656629318394 0.9842826019296608 0.6323967086834734 0.982337379396203 0.6039478291316527 0.09628851540616247
0 0.6097834967320261 0.17117958294428884 0.6345850840336135 0.9852552131963898 0.6644928804855275 0.9862278244631186 0.6345850840336135 0.169234360410831
0 0.6396912931839402 0.17701525054466233 0.6644928804855275 0.9745564892623716 0.6929417600373482 0.9765017117958296 0.6659517973856209 0.17604263927793343
0 0.6710580065359476 0.17701525054466233 0.6944006769374417 0.9774743230625583 0.7250379318394025 0.9755291005291006 0.6995068860877683 0.17701525054466233
0 0.7016952614379084 0.18674136321195145 0.7279557656395891 0.9745564892623716 0.7571341036414566 0.9726112667289138 0.7272263071895425 0.18576875194522255
0 0.7345208916900093 0.18090569561157796 0.7571341036414566 0.9774743230625583 0.7819356909430439 0.9755291005291006 0.7534868113912232 0.18090569561157796
0 0.7556751867413632 0.18382352941176472 0.7833946078431373 0.9716386554621849 0.8060078197945846 0.9706660441954561 0.7782883986928104 0.17993308434484906
0 0.7804767740429505 0.11865857454092749 0.8125729458450047 0.9687208216619981 0.8526931605975723 0.9706660441954561 0.8176791549953314 0.11768596327419857
