0 0.20821661998132582 0.062047041038637674 0.201547285580899 0.9524031834956205 0.23155929038281978 0.9524031834956205 0.2382286247832466 0.06315859677204215
0 0.23906229158329992 0.06760481970566004 0.23656129118313987 0.9535147392290249 0.26907429638522073 0.951291627762216 0.2699079631852741 0.06760481970566004
0 0.2732426303854875 0.0731625983726824 0.2715752967853808 0.9501800720288116 0.3032546351874083 0.9501800720288116 0.3032546351874083 0.07205104263927792
0 0.3040883019874616 0.07205104263927792 0.3040883019874616 0.9446222933617893 0.33660130718954245 0.9446222933617893 0.3332666399893291 0.07427415410608687
0 0.3349339735894357 0.07205104263927792 0.33743497398959577 0.9446222933617893 0.36828064559157 0.9446222933617893 0.3657796451914098 0.07538570983949135
0 0.36661331199146324 0.07872037703970476 0.3691143123916233 0.9468454048285981 0.3999599839935974 0.9435107376283848 0.39329064959317056 0.07760882130630029
0 0.396625316793384 0.08427815570672713 0.40329465119381086 0.9390645146947668 0.4333066559957316 0.9401760704281713 0.422468987595038 0.08316659997332267
0 0.4241363211951447 0.08205504423991818 0.43830865679605174 0.93239518029434 0.4683206615979725 0.9301720688275311 0.4533146591970121 0.0809434885065137
0 0.4533146591970121 0.07983193277310922 0.46581966119781243 0.9423991818949802 0.4958316659997332 0.9412876261615757 0.4783246631986128 0.08205504423991818
0 0.4799919967987195 0.07649726557289581 0.49749899959983995 0.9446222933617893 0.528344671201814 0.9468454048285981 0.5108376684006937 0.07427415410608687
0 0.5150060024009604 0.07760882130630029 0.5308456716019742 0.9457338490951936 0.5608576764038948 0.9457338490951936 0.5416833400026677 0.07427415410608687
0 0.5425170068027211 0.06538170823885109 0.5625250100040017 0.9446222933617893 0.5942043484060291 0.9423991818949802 0.5700280112044818 0.06538170823885109
0 0.5741963452047485 0.0731625983726824 0.5950380152060823 0.9423991818949802 0.6258836868080565 0.9390645146947668 0.5992063492063492 0.07205104263927792
0 0.6067093504068294 0.0687163754390645 0.6275510204081634 0.9412876261615757 0.6583966920101374 0.9423991818949802 0.6358876884086967 0.06649326397225556
0 0.6383886888088569 0.07538570983949135 0.6600640256102441 0.9368414032279578 0.6909096972122182 0.9346182917611489 0.6617313592103508 0.07538570983949135
0 0.666733360010671 0.0731625983726824 0.6925770308123248 0.9412876261615757 0.7250900360144058 0.9390645146947668 0.6934106976123783 0.07205104263927792
0 0.695078031212485 0.07093948690587346 0.7250900360144058 0.9423991818949802 0.7542683740162733 0.9423991818949802 0.7234227024142991 0.0731625983726824
0 0.7267573696145125 0.07427415410608687 0.75843670801654 0.9423991818949802 0.7884487128184607 0.9401760704281713 0.7551020408163266 0.07205104263927792
0 0.75593570761638 0.07205104263927792 0.7884487128184607 0.9401760704281713 0.8201280512204884 0.9401760704281713 0.7851140456182474 0.06982793117246898
0 0.7909497132186208 0.10539771464141211 0.8226290516206483 0.9412876261615757 0.8668133920234761 0.9390645146947668 0.8301320528211286 0.10206304744119869
