0 0.08676178804855271 0.19160441954559604 0.05320669934640519 0.9337068160597572 0.06925478524743227 0.9317615935262995 0.10208041549953309 0.19257703081232494
0 0.12104633520074694 0.10504201680672269 0.0729020774976657 0.925925925925926 0.08895016339869277 0.925925925925926 0.13563550420168063 0.10504201680672269
0 0.1334471288515406 0.203275754746343 0.09259745564892621 0.9181450357920946 0.10937499999999996 0.9152272019919079 0.1261525443510737 0.5660597572362278 0.13490604575163392 0.3365234982882042 0.14365954715219414 0.33749610955493314 0.14876575630252098 0.20716619981325865
0 0.137094421101774 0.338468720821662 0.11375175070028007 0.9288437597261128 0.1524130485527544 0.9288437597261128 0.17210842670401488 0.3365234982882042
0 0.176485177404295 0.2110566448801743 0.15460142390289444 0.9317615935262995 0.1779440943043884 0.9298163709928416 0.19909838935574226 0.2110566448801743
0 0.20566351540616243 0.22175536881419233 0.188156512605042 0.9239807033924682 0.21004026610644252 0.9239807033924682 0.21806430905695606 0.4756069094304388 0.22535889355742292 0.2713585434173669 0.22681781045751628 0.27038593215063805 0.22827672735760968 0.22078275754746343
0 0.227547268907563 0.2742763772175537 0.2114991830065359 0.9307889822595705 0.2428658963585434 0.9298163709928416 0.25599614845938373 0.27233115468409586
0 0.26037289915966383 0.3657018362900716 0.25964344070961715 0.9307889822595705 0.2968458216619981 0.9249533146591971 0.2917396125116713 0.36861967009025837
0 0.2917396125116713 0.2178649237472767 0.3034109477124182 0.9414877061935886 0.33185982726423896 0.9395424836601307 0.318000116713352 0.21397447868036104
0 0.31945903361344535 0.21494708994708994 0.3362365779645191 0.9405150949268597 0.35374358076563955 0.937597261126673 0.33477766106442575 0.21494708994708994
0 0.33696603641456585 0.21494708994708994 0.35957924836601307 0.9434329287270464 0.3909459617180205 0.9414877061935886 0.3617676237161531 0.21397447868036104
0 0.36760329131652664 0.2947012138188609 0.3924048786181139 0.9463507625272332 0.4150180905695611 0.9424603174603174 0.3865692110177404 0.2927559912854031
0 0.3960521708683473 0.2801120448179272 0.4172064659197012 0.9541316526610645 0.4485731792717087 0.9492685963274199 0.42450105042016806 0.2791394335511983
0 0.42887780112044815 0.34624961095549334 0.45076155462184875 0.9502412075941488 0.4916112278244631 0.947323373793962 0.4602445144724556 0.3443043884220355
0 0.4697274743230625 0.3530578898225957 0.4624328898225956 0.35208527855586685 0.49452906162464977 0.9492685963274199 0.5178717320261438 0.9463507625272332 0.489422852474323 0.41530501089324623 0.4857755602240896 0.35111266728913787
0 0.48577556022408963 0.3034547152194211 0.5215190242763772 0.9492685963274199 0.5485089869281046 0.9444055399937753 0.5113066059757235 0.30053688141923435
0 0.5142244397759104 0.31318082788671026 0.5506973622782446 0.9424603174603174 0.570392740429505 0.9414877061935886 0.5302725256769374 0.3122082166199813
0 0.5390260270774977 0.3588935574229692 0.5784167833800187 0.9551042639277935 0.6156191643323996 0.9502412075941488 0.5725811157796451 0.35597572362278246
0 0.5711221988795518 0.293728602552132 0.617078081232493 0.9356520385932151 0.6316672502334266 0.9327342047930284 0.5835229925303455 0.293728602552132
0 0.5944648692810457 0.3034547152194211 0.6382323762838468 0.9599673202614379 0.6630339635854342 0.9580220977279802 0.6178075396825397 0.30053688141923435
0 0.6199959150326797 0.30637254901960786 0.6659517973856209 0.9589947089947092 0.6834588001867414 0.9560768751945223 0.6367734593837535 0.3034547152194211
0 0.6360440009337067 0.2324540927482104 0.6856471755368815 0.9628851540616247 0.7286852240896359 0.9609399315281669 0.6739758403361344 0.23050887021475258
0 0.6892944677871149 0.384181450357921 0.7337914332399627 0.9667755991285404 0.7797473155929039 0.9628851540616247 0.7316030578898226 0.3802910052910053
0 0.7213906395891689 0.2392623716153128 0.7367092670401494 0.4114145658263305 0.7454627684407096 0.520347027699969 0.7804767740429505 0.9667755991285404 0.8045489028944911 0.9609399315281669 0.7432743930905695 0.23634453781512604
0 0.7549457282913163 0.34819483348895114 0.8060078197945844 0.9589947089947092 0.8373745331465919 0.9560768751945223 0.7826651493930905 0.3472222222222222
0 0.7899597338935574 0.28205726735138503 0.8475869514472456 0.9687208216619981 0.8731179971988795 0.9706660441954561 0.8118434873949579 0.28497510115157176
0 0.8198675303454714 0.316098661686897 0.8753063725490197 0.9687208216619981 0.9052141690009337 0.9667755991285404 0.8439396591970121 0.31512605042016806
0 0.8570699112978524 0.31512605042016806 0.9132382119514473 0.9687208216619981 0.9460638422035481 0.9667755991285404 0.8840598739495799 0.31318082788671026
0 0.890625 0.3637566137566138 0.9482522175536882 0.9677482103952694 0.9737832633053222 0.9628851540616247 0.9198033380018674 0.36083877995642705
